DSCF1061.JPG:[1202.5979074621177, 1146.7039397027918, 1195.1835444875865, 733.47031582612226, 2],[478.96224892295822, 1647.7960792500421, 1384.6705832026557, 794.67714767162579, 6]
DSCF1061_15_-6.1386.JPG:[1173.0715373447224, 1110.5980984212974, 1190.0038980982858, 779.43747451048603, 2],[431.34549129884738, 1564.2282059239458, 1338.0604303330642, 820.6092826784577, 6]
DSCF1061_17_1.1349.JPG:[1199.1205188445365, 1153.6636769818247, 1212.9038107417182, 727.10642018684962, 2],[491.54063645458388, 1671.2706097624307, 1380.7497866117037, 782.119872075594, 6]
DSCF1061_18_2.9916.JPG:[1222.5535994048289, 1183.9084722306811, 1179.7447213510366, 660.85931954603916, 2],[514.50396622253777, 1684.0550873799098, 1380.7361509235088, 774.35420096177313, 6]
DSCF1061_20_3.3853.JPG:[1226.3849902988527, 1177.9090126075851, 1175.9268102792589, 679.48219245617179, 2],[526.28772124676777, 1672.4780071653299, 1370.7724463125373, 803.65330942594073, 6]
DSCF1061_21_10.7898.JPG:[1243.91639178118, 1142.7246717449675, 1187.2221411015437, 738.80974224383999, 2],[678.64021813031025, 1763.1154208852449, 1341.3762007141117, 778.02465060600889, 6]
DSCF1061_23_-10.0666.JPG:[1151.9515404106075, 1093.8449086986652, 1198.2996056600721, 809.89230564704303, 2],[400.98823162450321, 1512.0831326354546, 1371.1873389376128, 845.22651226923972, 6]
DSCF1061_2_-7.5205.JPG:[1175.1506170030848, 1109.1273607952194, 1199.6802573922964, 785.07677333538322, 2],[419.84908644177773, 1552.9219039734942, 1352.3543086007926, 823.96459126985997, 6]
DSCF1061_3_-1.8522.JPG:[1200.4279079861883, 1133.7398300365687, 1195.8789645855243, 752.78567417731642, 2],[467.29833478156507, 1630.0192836651452, 1382.371973876953, 799.03772113213131, 6]
DSCF1061_4_1.8311.JPG:[1218.2108984616229, 1169.3743580319622, 1174.2798137019231, 672.6503042221068, 2],[504.27411149357289, 1675.6128619061224, 1380.123770634578, 778.7250641617411, 6]
DSCF1061_7_-16.997.JPG:[1114.4772566170766, 1077.0856852419577, 1226.0766515878529, 860.7178335747351, 2],[332.51081611797923, 1394.7515971269979, 1341.150215994028, 890.53133417569666, 6]
DSCF1061_8_13.6251.JPG:[1243.1891497729684, 1133.0837157537903, 1203.5463580204892, 770.12630349672759, 2],[697.86311807498953, 1759.5566187583838, 1350.3604339247486, 833.94345731295084, 6]
DSCF1061_9_6.223.JPG:[1227.7107330136539, 1170.7072476394062, 1188.9348112370419, 679.02545226463917, 2],[612.26917785473495, 1753.354627498835, 1339.2527103952261, 747.14575891641448, 6]
DSCF1061_detected.JPG:[1214.0542581070097, 1134.8624020582265, 1211.4389701256384, 741.36951646217926, 6],[467.21845400979862, 1641.6021605809233, 1410.0757088294395, 798.93226315718402, 6]
DSCF1068.JPG:[844.89105218655368, 356.13828877999867, 1011.7035639953613, 453.90514301226688, 5],[715.11258645647854, 211.48452527545368, 1313.2261650907076, 707.75042447750388, 5],[2424.2632223324781, 1481.1051408385372, 1018.2618268996011, 591.81727146588833, 1]
DSCF1068_10_-18.5211.JPG:[1017.8084922702093, 52.105041683434571, 1257.0086740229681, 830.68839069953333, 5],[2223.4649036743476, 1762.3344717645621, 1031.3244716350855, 636.28304870312036, 1]
DSCF1068_11_-23.3779.JPG:[2150.7494315009876, 1835.4784950768126, 1040.608548818735, 664.73521875528195, 1]
DSCF1068_12_-5.352.JPG:[983.00728012885588, 306.60433720366501, 1021.6350490159255, 485.53995459409867, 5],[785.85706961074857, 151.61910160737818, 1360.1335453209508, 744.01630299348096, 5],[2397.377379896735, 1612.3029868903893, 950.20720367431659, 514.14142346455515, 1]
DSCF1068_13_-9.6966.JPG:[886.36395750921224, 115.35287597824737, 1307.634460460956, 764.99727142920869, 5],[2317.8317148052311, 1627.9487274727744, 1030.3844661888706, 618.64830916037954, 1]
DSCF1068_14_-9.6236.JPG:[872.19103276381452, 125.06387480758524, 1317.3256045180099, 775.95062795932483, 5],[2316.2160980248063, 1628.6378752597816, 1028.2320974614067, 617.96947914416933, 1]
DSCF1068_17_3.3218.JPG:[811.37236916165887, 393.51971703415006, 1019.4638896531325, 442.83017585167511, 5],[678.65155741941101, 247.36728970123872, 1335.5791947115385, 706.29440263454717, 5],[2456.2214661682483, 1418.1011157650778, 1001.5442089022126, 588.64195892627413, 1]
DSCF1068_20_-1.4072.JPG:[850.55466615735611, 335.31378085355652, 1016.0233307471643, 461.28052884688748, 5],[753.48316192804873, 193.25180559160052, 1358.911848942683, 718.737210806333, 5],[2440.3652420530134, 1544.6637839635057, 954.9780099017803, 513.34215660535369, 1]
DSCF1068_21_14.8698.JPG:[625.58800970615312, 514.12554481979089, 944.02679270817703, 475.80090925290028, 5],[573.23914716656896, 333.45777985459057, 1295.2652059584398, 735.4475580200783, 5],[2480.0878513665421, 1169.1689716222893, 1031.4941654029262, 647.59179827763478, 1]
DSCF1068_22_-22.7828.JPG:[2156.8749407257756, 1825.3304568180217, 1039.1133625910834, 665.04639123476477, 1]
DSCF1068_23_5.5363.JPG:[660.75235458095335, 255.63523912377519, 1330.3522830434943, 715.93119411321777, 5],[818.64683384291288, 433.86333159408377, 971.83614219078663, 415.43760572653559, 5],[2482.9491163223038, 1411.9683077135223, 959.87061806311976, 507.87982910596406, 1]
DSCF1068_2_-9.3078.JPG:[867.81344177596088, 115.97763133608666, 1326.804093123216, 775.40067220687865, 5],[2321.5657697717061, 1620.5688480982369, 1033.1967330463117, 617.40911447965186, 1]
DSCF1068_3_13.0945.JPG:[738.35631794174003, 458.52734293335459, 1010.8095697138859, 477.13616044411299, 5],[2479.132455907933, 1199.7192521852762, 1022.2583734482978, 635.94122251950785, 1]
DSCF1068_4_-16.9735.JPG:[992.15435278479936, 57.981061826623645, 1273.3716530667816, 815.66774199265683, 5],[2245.5925463809554, 1750.0543139732092, 1032.0914053344727, 635.60298506223239, 1]
DSCF1068_5_-1.2828.JPG:[853.60598066719228, 336.1318843167179, 1003.4359253047061, 461.20139472154472, 5],[747.2856680299252, 192.07071944378015, 1366.1029125507066, 721.6173420744675, 5],[2444.9996195036356, 1543.4876263713977, 949.08396645179164, 513.04653150998638, 1]
DSCF1068_6_3.0875.JPG:[816.00302190420416, 394.29069841013938, 1014.3089552307129, 441.11178258749158, 5],[680.64659587164522, 246.92774468728231, 1336.3815553753193, 707.20208094230065, 5],[2456.4158997816694, 1419.5042591318065, 1000.6943491304837, 590.94065029291028, 1]
DSCF1068_7_-6.3266.JPG:[982.19139033068234, 293.9879184254728, 1024.4637260671766, 492.56615652817959, 5],[790.4677139695799, 143.07481330481494, 1357.5099776282677, 750.94926390134367, 5],[2387.9184689557364, 1616.1482808985759, 951.2732099445052, 520.81770990371683, 1]
DSCF1068_8_12.5687.JPG:[749.60670114209677, 460.03756662424678, 1005.4516675274189, 474.62703558848466, 5],[2472.6655302183631, 1214.2921916399744, 1015.4389624610312, 628.88406694265518, 1]
DSCF1068_9_13.2922.JPG:[799.93540690706789, 521.3681192955662, 879.14864723792437, 396.29139583440917, 5],[668.47153776228379, 388.37838871272578, 1160.3826756873495, 602.47634942568266, 5],[2486.3498560920184, 1199.7372553378752, 1013.8687321120042, 637.04797076885529, 1]
DSCF1088.JPG:[1187.8063551920072, 426.44477105290582, 858.69129406268803, 442.75591902219332, 5]
DSCF1088_10_7.4571.JPG:[1097.510307854965, 411.06805366659302, 864.09015148456274, 499.00372981805066, 5]
DSCF1088_11_-5.3444.JPG:[1192.8557994664845, 359.40257662169643, 914.63252880389905, 500.62320542555585, 5]
DSCF1088_13_13.0579.JPG:[1034.3006771682776, 424.33397185436019, 870.8359042651839, 530.73776388755209, 5],[1375.8398278897037, 1472.4767008031693, 723.95351611210731, 492.07272660255421, 2]
DSCF1088_14_-3.1331.JPG:[1193.0303413067838, 375.0899928077132, 900.97826607337379, 481.6738136144786, 5]
DSCF1088_15_5.394.JPG:[1129.9879201556012, 425.52219872600921, 855.66427665710489, 465.98949703436637, 5]
DSCF1088_16_13.0921.JPG:[1025.7930779066705, 416.60979467094899, 882.75552661602296, 551.86474636811499, 5],[1371.344606297838, 1476.5820438100218, 716.88033420269289, 493.05775746785685, 2]
DSCF1088_17_-4.3443.JPG:[1193.1970122132259, 365.29795689199477, 907.82427939781769, 491.00554378509526, 5]
DSCF1088_18_8.6251.JPG:[1096.5792456210486, 418.54809201554889, 858.57076865562999, 501.73477163534909, 5]
DSCF1088_19_-7.5868.JPG:[1262.1498489936439, 354.99987970901969, 884.05487135080193, 508.87150528687704, 5]
DSCF1088_23_-24.404.JPG:[1470.3404672905535, 307.09362972043539, 888.11651374230041, 581.19698657402637, 5],[1135.563629618626, 1356.7628152950572, 751.83344689002388, 502.7457436180116, 2]
DSCF1088_2_-11.2598.JPG:[1295.1856096020761, 345.04320605800137, 895.38016409067041, 527.35694432918854, 5],[1198.1037837969648, 1422.3412825018597, 766.24878554710995, 473.35470151387722, 2]
DSCF1088_4_4.9555.JPG:[1134.8739149312639, 426.51013086041263, 857.19328984187223, 463.513781655385, 5]
DSCF1088_5_-7.2616.JPG:[1254.8469370293933, 355.42178764354668, 894.88870126577558, 510.53624829659105, 5]
DSCF1088_6_-8.4997.JPG:[1272.3875879579609, 348.27812872198496, 882.46915909987229, 522.09519562207743, 5]
DSCF1088_7_-23.1542.JPG:[1469.1762243856062, 312.14319512158113, 892.7522208815351, 570.02041924403272, 5],[1140.9152502969648, 1359.1377561363722, 752.96083282470704, 500.29679240006658, 2]
DSCF1088_8_20.7024.JPG:[947.09154384161434, 462.97325468058852, 857.4438082298866, 571.4044129107549, 5],[1435.5438278258166, 1464.1845332655455, 716.00468999422537, 509.90311432765088, 2]
DSCF1088_9_-9.4901.JPG:[1273.6138705242449, 350.84120124356673, 887.19459543668313, 517.20375560320338, 5],[1207.9680394480906, 1430.0167719220929, 764.50233729435854, 470.61466718233555, 2]
DSCF1106.JPG:[1207.9361274710232, 1034.0459644662194, 1218.4814966583249, 699.20643178059481, 2]
DSCF1106_10_13.0213.JPG:[1228.4821318254008, 973.97695271562998, 1188.9810682736907, 773.51437803268436, 2]
DSCF1106_11_4.9478.JPG:[1198.687730844591, 1015.1872946823854, 1223.5518277270976, 726.58444114538372, 2]
DSCF1106_12_10.6371.JPG:[1226.5933122594281, 984.33524974244722, 1193.4499735670822, 761.82352695024917, 2]
DSCF1106_13_-10.6766.JPG:[1194.0711461740061, 1000.7485138805263, 1223.4168497349665, 756.79962093059805, 2]
DSCF1106_14_19.6007.JPG:[1207.8426257321619, 953.09145462874835, 1206.5519547975985, 826.35038828042821, 2]
DSCF1106_15_-6.5522.JPG:[1229.8038487277877, 1040.3763072173394, 1165.3423436560997, 649.05188654092626, 2]
DSCF1106_16_20.6405.JPG:[1190.6898784818441, 954.35143291272379, 1225.3428523899961, 845.73483488229613, 2]
DSCF1106_17_-1.0123.JPG:[1207.1571401409792, 1031.4342420631569, 1210.7438564476597, 691.62630790416983, 2]
DSCF1106_18_10.9384.JPG:[1227.2830512125045, 983.13416009596551, 1196.2772339278006, 766.42152310884887, 2]
DSCF1106_20_-2.3282.JPG:[1206.5533909709345, 1034.3362951954405, 1222.4963641768238, 694.53470039220952, 2]
DSCF1106_21_-13.5325.JPG:[1191.1976252772249, 979.88310039491535, 1219.0455391986559, 777.39507977265612, 2]
DSCF1106_22_19.4505.JPG:[1209.3610067753277, 953.03604063565047, 1217.3888030829801, 826.26930323674139, 2]
DSCF1106_3_16.8068.JPG:[1215.5815715902052, 961.18847686360004, 1198.2023939279409, 800.78536462343641, 2]
DSCF1106_4_0.21619.JPG:[1204.2685093931887, 1027.8028778201176, 1223.6035360952524, 708.82629497821517, 2]
DSCF1106_5_15.4954.JPG:[1214.8805682724515, 960.99036551357744, 1192.883862692026, 796.0408937865036, 2]
DSCF1106_6_6.6799.JPG:[1207.9500755445463, 1009.7807243291297, 1214.424802815364, 736.39312343303959, 2]
DSCF1106_7_-22.4102.JPG:[1181.3844919206203, 944.65323075296476, 1238.8134568317123, 855.09166957855234, 2]
DSCF1106_8_-12.2.JPG:[1211.9863164480316, 991.62118372138252, 1211.951380902804, 757.91949547841, 2]
DSCF1106_9_13.7002.JPG:[1225.4159669101632, 966.75823198463672, 1194.8943606508697, 781.45981136908881, 2]
