DSCF1061.JPG:[488, 1648, 1361, 792, 6],[1191, 1203, 1144, 632, 2]
DSCF1061_15_-6.1386.JPG:[381, 1504, 1438, 932, 6],[1145, 1136, 1205, 751, 2]
DSCF1061_17_1.1349.JPG:[494, 1647, 1376, 819, 6],[1188, 1193, 1156, 654, 2]
DSCF1061_18_2.9916.JPG:[504, 1646, 1401, 862, 6],[1183, 1177, 1176, 690, 2]
DSCF1061_20_3.3853.JPG:[507, 1646, 1405, 871, 6],[1182, 1173, 1180, 699, 2]
DSCF1061_21_10.7898.JPG:[564, 1638, 1485, 1033, 6],[1171, 1110, 1242, 835, 2]
DSCF1061_23_-10.0666.JPG:[321, 1410, 1479, 1018, 6],[1119, 1095, 1237, 822, 2]
DSCF1061_2_-7.5205.JPG:[359, 1471, 1453, 963, 6],[1135, 1121, 1217, 777, 2]
DSCF1061_3_-1.8522.JPG:[454, 1605, 1386, 835, 6],[1176, 1183, 1164, 668, 2]
DSCF1061_4_1.8311.JPG:[498, 1647, 1385, 835, 6],[1186, 1187, 1164, 668, 2]
DSCF1061_7_-16.997.JPG:[233, 1245, 1533, 1155, 6],[1082, 1025, 1279, 939, 2]
DSCF1061_8_13.6251.JPG:[591, 1634, 1510, 1091, 6],[1170, 1087, 1261, 884, 2]
DSCF1061_9_6.223.JPG:[526, 1644, 1439, 935, 6],[1177, 1149, 1206, 752, 2]
DSCF1068.JPG:[750, 343, 1316, 501, 5],[2459, 1533, 957, 527, 1]
DSCF1068_10_-18.5211.JPG:[972, 55, 1407, 893, 5],[2206, 1726, 1075, 804, 1]
DSCF1068_11_-23.3779.JPG:[1046, 1, 1407, 982, 5],[2132, 1771, 1088, 864, 1]
DSCF1068_12_-5.352.JPG:[804, 247, 1357, 622, 5],[2392, 1591, 1002, 614, 1]
DSCF1068_13_-9.6966.JPG:[854, 177, 1381, 715, 5],[2333, 1637, 1032, 681, 1]
DSCF1068_14_-9.6236.JPG:[853, 178, 1381, 714, 5],[2335, 1637, 1031, 679, 1]
DSCF1068_17_3.3218.JPG:[692, 331, 1343, 576, 5],[2467, 1440, 986, 582, 1]
DSCF1068_20_-1.4072.JPG:[763, 317, 1328, 533, 5],[2442, 1549, 969, 550, 1]
DSCF1068_21_14.8698.JPG:[523, 315, 1400, 822, 5],[2480, 1119, 1060, 755, 1]
DSCF1068_22_-22.7828.JPG:[1037, 7, 1407, 971, 5],[2142, 1766, 1086, 856, 1]
DSCF1068_23_5.5363.JPG:[656, 324, 1358, 626, 5],[2472, 1379, 1003, 617, 1]
DSCF1068_2_-9.3078.JPG:[849, 183, 1380, 707, 5],[2339, 1633, 1029, 675, 1]
DSCF1068_3_13.0945.JPG:[546, 315, 1395, 786, 5],[2480, 1168, 1051, 730, 1]
DSCF1068_4_-16.9735.JPG:[950, 74, 1405, 863, 5],[2230, 1711, 1069, 784, 1]
DSCF1068_5_-1.2828.JPG:[762, 319, 1327, 531, 5],[2443, 1547, 969, 548, 1]
DSCF1068_6_3.0875.JPG:[696, 332, 1341, 571, 5],[2467, 1447, 984, 578, 1]
DSCF1068_7_-6.3266.JPG:[814, 231, 1364, 643, 5],[2379, 1602, 1009, 629, 1]
DSCF1068_8_12.5687.JPG:[553, 315, 1393, 775, 5],[2480, 1183, 1048, 722, 1]
DSCF1068_9_13.2922.JPG:[543, 315, 1396, 790, 5],[2480, 1163, 1052, 733, 1]
DSCF1088.JPG:[1232, 440, 789, 422, 5],[1326, 1525, 654, 370, 2]
DSCF1088_10_7.4571.JPG:[1117, 422, 837, 521, 5],[1350, 1503, 697, 452, 2]
DSCF1088_11_-5.3444.JPG:[1282, 389, 825, 493, 5],[1279, 1478, 686, 429, 2]
DSCF1088_13_13.0579.JPG:[1038, 420, 864, 589, 5],[1374, 1486, 721, 508, 2]
DSCF1088_14_-3.1331.JPG:[1261, 409, 810, 464, 5],[1298, 1498, 673, 405, 2]
DSCF1088_15_5.394.JPG:[1147, 426, 826, 494, 5],[1343, 1510, 686, 429, 2]
DSCF1088_16_13.0921.JPG:[1037, 420, 864, 589, 5],[1374, 1486, 721, 508, 2]
DSCF1088_17_-4.3443.JPG:[1272, 398, 819, 480, 5],[1288, 1487, 680, 418, 2]
DSCF1088_18_8.6251.JPG:[1099, 421, 844, 536, 5],[1355, 1500, 702, 464, 2]
DSCF1088_19_-7.5868.JPG:[1304, 370, 838, 522, 5],[1261, 1458, 697, 453, 2]
DSCF1088_23_-24.404.JPG:[1494, 278, 893, 711, 5],[1153, 1305, 749, 607, 2]
DSCF1088_2_-11.2598.JPG:[1342, 342, 857, 568, 5],[1233, 1425, 714, 490, 2]
DSCF1088_4_4.9555.JPG:[1154, 426, 823, 489, 5],[1341, 1511, 684, 425, 2]
DSCF1088_5_-7.2616.JPG:[1301, 373, 836, 518, 5],[1263, 1461, 696, 449, 2]
DSCF1088_6_-8.4997.JPG:[1313, 363, 843, 534, 5],[1254, 1450, 701, 462, 2]
DSCF1088_7_-23.1542.JPG:[1479, 282, 891, 698, 5],[1159, 1316, 747, 598, 2]
DSCF1088_8_20.7024.JPG:[942, 430, 887, 674, 5],[1413, 1460, 743, 577, 2]
DSCF1088_9_-9.4901.JPG:[1324, 355, 847, 546, 5],[1246, 1441, 706, 472, 2]
DSCF1106.JPG:[1202, 1076, 1155, 624, 2]
DSCF1106_10_13.0213.JPG:[1152, 964, 1266, 868, 2]
DSCF1106_11_4.9478.JPG:[1179, 1031, 1205, 721, 2]
DSCF1106_12_10.6371.JPG:[1159, 983, 1250, 826, 2]
DSCF1106_13_-10.6766.JPG:[1151, 966, 1251, 827, 2]
DSCF1106_14_19.6007.JPG:[1140, 914, 1297, 976, 2]
DSCF1106_15_-6.5522.JPG:[1168, 1007, 1219, 752, 2]
DSCF1106_16_20.6405.JPG:[1139, 907, 1301, 991, 2]
DSCF1106_17_-1.0123.JPG:[1196, 1065, 1166, 644, 2]
DSCF1106_18_10.9384.JPG:[1158, 980, 1252, 832, 2]
DSCF1106_20_-2.3282.JPG:[1189, 1051, 1179, 670, 2]
DSCF1106_21_-13.5325.JPG:[1142, 939, 1269, 876, 2]
DSCF1106_22_19.4505.JPG:[1140, 915, 1297, 973, 2]
DSCF1106_3_16.8068.JPG:[1144, 934, 1286, 932, 2]
DSCF1106_4_0.21619.JPG:[1201, 1074, 1157, 628, 2]
DSCF1106_5_15.4954.JPG:[1146, 944, 1280, 910, 2]
DSCF1106_6_6.6799.JPG:[1172, 1016, 1220, 754, 2]
DSCF1106_7_-22.4102.JPG:[1123, 861, 1305, 1017, 2]
DSCF1106_8_-12.2.JPG:[1146, 951, 1261, 854, 2]
DSCF1106_9_13.7002.JPG:[1150, 958, 1270, 880, 2]
